7 0 174.5
7 1 174
7 2 172
7 3 169
7 4 167
7 5 164
7 5.5 162
8 0 157
8 1.5 153
8 2 151
8 2.5 146
8 3.4 145
8 4.1 145
8 5 147
8 5.5 146.2
9 0 145
9 1 141
9 2 140
9 5 137
9 5.5 136
10 0.5 132
10 1.5 127
10 3 125
10 5 124
11 0.5 123
11 2.4 122.2
11 3 121.5
11 4 119.5
11 5 115
12 0 111
12 1 106
12 2 102
12 3 99
12 3.5 97.7
12 4 98
12 5 100
13 0 99
13 0.5 96
13 1 88
13 2 86.2
13 2.5 86
13 4 87
13 4.5 89
13 4.6 96
13 5 97.2
13 5.5 97
14 1 91
14 2 86
14 2.5 84.7
14 3 85
14 3.5 87
14 4 87.3
14 4.5 86
14 5 85
15 0 81
15 1 75
15 2.5 68
15 3 67
15 4 67
15 5 69
16 0 70
16 0.5 69.5
16 1 68
16 2 66
16 3 62.9
16 3.5 63
16 4 64
16 5 66
16 5.5 66.17
17 0 65
17 1 61
17 2 60
17 3.5 61
17 5 63
18 0 63.2
18 0.5 62
18 1 59
18 2 59
18 2.5 60
18 4.5 62.5
18 5 63
19 0 63.2
19 0.5 62
19 1 59
19 1.2 58
19 2 58
19 2.5 59.5
19 3.5 61.5
19 4 62.1
19 5 62
19 5.5 61.8
20 0 61
20 1 58
20 2 57
20 3 56
20 5 55
21 0 54
21 1 52
21 2 49
21 3 47
21 4 45
21 5 43
22 1 38
22 1.5 37
22 2 35
22 3 30
22 4 28.2
22 5 27.5
23 0 27.4
23 1.5 27.2
23 2.5 27
23 5 26.3
24 0 25.5
24 1 23.9
24 2 22.5
24 3 20.5
24 4 17.5
24 5 12
25 0 7
